00000000000000000000000000000000000000000000000000000000000000000000000000000000
00000000000000000000000000000000000000000000000000000000000000000000000000000000
00000000000000000000000000000000000000000000000000000000000000000000000000000000
00000000000000000000000000000000000000000000000000000000000000000000000000000000
00000000000000000000000000000000000000000000000000000000000000000000000000000000
00000000000000000000000000000000000000000000000000000000000000000000000000000000
00000000000000000000000000000000000000000000000000000000000000000000000000000000
00000000000000000000000000000000000000000000000000000000000000000000000000000000
00000000000000000000000000000000000000000000000000000000000000000000000000000000
00000000000000000000000000000000000000000000000000000000000000000000000000000000
00000000000000000000000000000000000000000000000000000000000000000000000000000000
00000000000000000000000000000000000000000000000000000000000000000000000000000000
00000000000001111111111000000000000011110000000001111000000001111000000000000000
00000000000000111111111110000000000111110000000000111100000011110000000000000000
00000000000000111000001111000000000110111000000000011100000011100000000000000000
00000000000000011000000111000000001110011000000000001110000111000000000000000000
00000000000000011000000011100000001100011100000000000111000111000000000000000000
00000000000000011000000011100000001100001100000000000011101110000000000000000000
00000000000000011000000011100000011100001110000000000001111100000000000000000000
00000000000000011000000011100000011111111110000000000001111100000000000000000000
00000000000000011000000011100000111111111111000000000000111000000000000000000000
00000000000000011000000011100000111000000011000000000001111100000000000000000000
00000000000000011000000011100000110000000011100000000011101110000000000000000000
00000000000000011000000011100001110000000001100000000111000111000000000000000000
00000000000000011000000111000001100000000001110000001110000011100000000000000000
00000000000000011110001111000011100000000001110000011100000001110000000000000000
00000000000000111111111110000011100000000000111000011100000001111000000000000000
00000000000000111111110000000111110000000001111000111000000000111100000000000000
00000000000000000000000000000000000000000000000000000000000000000000000000000000
00000000000000000000000000000000000000000000000000000000000000000000000000000000
00000000000000000000000000000000000000000000000000000000000000000000000000000000
00000000000000000000000000000000000000000000000000000000000000000000000000000000
00000000000000000000000000000000000000000000000000000000000000000000000000000000
00000000000000000000000000000000000000000000000000000000000000000000000000000000
00000000000000000000000000000000000000000000000000000000000000000000000000000000
00000000000000000000000000000000000000000000000000000000000000000000000000000000
00000000000000000000000000000000000000000000000000000000000000000000000000000000
00000000000000000000000000000000000000000000000000000000000000000000000000000000
00000000000000000000000000000000000000000000000000000000000000000000000000000000
00000000000000000000000000000000000000000000000000000000000000000000000000000000