00000000000000000000000000000000000000000000000000000000000000000000000000000000
00000000000000000000000000000000000000000000000000000000000000000000000000000000
00000000000000000000000000000000000000000000000000000000000000000000000000000000
00000000000000000000000000000000000000000000000000000000000000000000000000000000
00000000000000000000000000000000000000000000000000000000000000000000000000000000
00000000000000000000000000000000000000000000000000000000000000000000000000000000
00000000000000000000000000000000000000000000000000000000000000000000000000000000
00000000000000000000000000000000000000000000000000000000000000000000000000000000
00000000000000000000000000000000000000000000000000000000000000000000000000000000
00000000000000000000000000000000000000000000000000000000000000000000000000000000
00000000000000000000000000000000000000000000000000000000000000000000000000000000
00000000000000000000000000000000000000000000000000000000000000000000000000000000
00000000001111100000000011110000001111100000111100000000000000001110000000000000
00000000011111110000000111111000001111100000011100000000000000011110000000000000
00000000111100111000001110011100000111110000011100011100000000011111000000000000
00000000111000011000011100001110000111110000011000000100000000110011000000000000
00000000111000010000011000001110000111110000011000001000000000110011100000000000
00000000111000000000011000001110000110011000011000000000000000110001100000000000
00000000011100000000011000000110000110011000011000111111000001110001100000000000
00000000001111110000011000000110000110001110011000011110000001111111110000000000
00000000000001111000011000000110000110000110011000011100000001111111111000000000
00000000100000111100011000000110000110000111111000011100000011100000111000000000
00000001100000011100011000000110000110000011111000011100000011100000111000000000
00000001100000011100011000001110000110000001111000011100000011000000011000000000
00000001110000111100011000001110000110000001111000011100000011000000011000000000
00000000111111111000001100011100001110000000111000011100000011000000011000000000
00000000011111110000000111111000001110000000111000011110000111000000011100000000
00000000001111100000000011110000011111000001111100111111000111100000011110000000
00000000000000000000000000000000000000000000000000000000000000000000000000000000
00000000000000000000000000000000000000000000000000000000000000000000000000000000
00000000000000000000000000000000000000000000000000000000000000000000000000000000
00000000000000000000000000000000000000000000000000000000000000000000000000000000
00000000000000000000000000000000000000000000000000000000000000000000000000000000
00000000000000000000000000000000000000000000000000000000000000000000000000000000
00000000000000000000000000000000000000000000000000000000000000000000000000000000
00000000000000000000000000000000000000000000000000000000000000000000000000000000
00000000000000000000000000000000000000000000000000000000000000000000000000000000
00000000000000000000000000000000000000000000000000000000000000000000000000000000
00000000000000000000000000000000000000000000000000000000000000000000000000000000
00000000000000000000000000000000000000000000000000000000000000000000000000000000